8.780487804878048808e-01 0.000000000000000000e+00 2.439024390243902524e-02 0.000000000000000000e+00 8.130081300813008990e-03 3.252032520325203596e-02 0.000000000000000000e+00 0.000000000000000000e+00 0.000000000000000000e+00 4.065040650406503975e-02 8.130081300813008990e-03 8.130081300813008990e-03 0.000000000000000000e+00 0.000000000000000000e+00
0.000000000000000000e+00 8.407079646017698860e-01 7.079646017699114946e-02 7.964601769911504314e-02 0.000000000000000000e+00 0.000000000000000000e+00 0.000000000000000000e+00 0.000000000000000000e+00 0.000000000000000000e+00 0.000000000000000000e+00 8.849557522123893682e-03 0.000000000000000000e+00 0.000000000000000000e+00 0.000000000000000000e+00
0.000000000000000000e+00 7.216494845360824084e-02 8.659793814432990011e-01 4.123711340206185488e-02 2.061855670103092744e-02 0.000000000000000000e+00 0.000000000000000000e+00 0.000000000000000000e+00 0.000000000000000000e+00 0.000000000000000000e+00 0.000000000000000000e+00 0.000000000000000000e+00 0.000000000000000000e+00 0.000000000000000000e+00
0.000000000000000000e+00 9.782608695652174335e-02 1.413043478260869457e-01 7.065217391304348116e-01 0.000000000000000000e+00 1.086956521739130405e-02 0.000000000000000000e+00 4.347826086956521618e-02 0.000000000000000000e+00 0.000000000000000000e+00 0.000000000000000000e+00 0.000000000000000000e+00 0.000000000000000000e+00 0.000000000000000000e+00
2.362204724409448786e-02 0.000000000000000000e+00 0.000000000000000000e+00 7.874015748031495954e-03 9.291338582677165503e-01 7.874015748031495954e-03 0.000000000000000000e+00 0.000000000000000000e+00 7.874015748031495954e-03 0.000000000000000000e+00 7.874015748031495954e-03 1.574803149606299191e-02 0.000000000000000000e+00 0.000000000000000000e+00
2.197802197802197974e-02 0.000000000000000000e+00 1.098901098901098987e-02 2.197802197802197974e-02 5.494505494505494414e-02 6.703296703296702796e-01 1.428571428571428492e-01 0.000000000000000000e+00 0.000000000000000000e+00 4.395604395604395948e-02 1.098901098901098987e-02 2.197802197802197974e-02 0.000000000000000000e+00 0.000000000000000000e+00
0.000000000000000000e+00 0.000000000000000000e+00 0.000000000000000000e+00 0.000000000000000000e+00 2.739726027397260122e-02 5.479452054794520244e-02 8.904109589041095951e-01 0.000000000000000000e+00 0.000000000000000000e+00 1.369863013698630061e-02 0.000000000000000000e+00 1.369863013698630061e-02 0.000000000000000000e+00 0.000000000000000000e+00
0.000000000000000000e+00 1.290322580645161255e-01 1.612903225806451568e-02 4.838709677419354704e-02 0.000000000000000000e+00 0.000000000000000000e+00 0.000000000000000000e+00 7.903225806451612545e-01 0.000000000000000000e+00 0.000000000000000000e+00 0.000000000000000000e+00 0.000000000000000000e+00 0.000000000000000000e+00 1.612903225806451568e-02
0.000000000000000000e+00 0.000000000000000000e+00 0.000000000000000000e+00 0.000000000000000000e+00 6.422018348623853568e-02 9.174311926605505096e-03 0.000000000000000000e+00 0.000000000000000000e+00 7.522935779816514179e-01 0.000000000000000000e+00 7.339449541284404077e-02 1.009174311926605561e-01 0.000000000000000000e+00 0.000000000000000000e+00
2.150537634408602322e-02 0.000000000000000000e+00 0.000000000000000000e+00 0.000000000000000000e+00 6.451612903225806273e-02 7.526881720430107781e-02 1.075268817204301161e-02 0.000000000000000000e+00 1.075268817204301161e-02 8.172043010752688685e-01 0.000000000000000000e+00 0.000000000000000000e+00 0.000000000000000000e+00 0.000000000000000000e+00
0.000000000000000000e+00 0.000000000000000000e+00 4.566210045662100203e-03 0.000000000000000000e+00 3.196347031963470142e-02 2.739726027397260122e-02 0.000000000000000000e+00 0.000000000000000000e+00 2.739726027397260122e-02 0.000000000000000000e+00 8.767123287671232390e-01 2.283105022831050102e-02 9.132420091324200406e-03 0.000000000000000000e+00
0.000000000000000000e+00 0.000000000000000000e+00 0.000000000000000000e+00 0.000000000000000000e+00 4.395604395604395948e-02 3.296703296703296787e-02 2.747252747252747207e-02 0.000000000000000000e+00 4.395604395604395948e-02 1.098901098901098987e-02 1.593406593406593297e-01 6.813186813186813406e-01 0.000000000000000000e+00 0.000000000000000000e+00
0.000000000000000000e+00 4.166666666666666435e-02 2.083333333333333218e-02 0.000000000000000000e+00 0.000000000000000000e+00 0.000000000000000000e+00 0.000000000000000000e+00 0.000000000000000000e+00 0.000000000000000000e+00 0.000000000000000000e+00 2.083333333333333218e-02 0.000000000000000000e+00 9.166666666666666297e-01 0.000000000000000000e+00
0.000000000000000000e+00 0.000000000000000000e+00 0.000000000000000000e+00 0.000000000000000000e+00 0.000000000000000000e+00 0.000000000000000000e+00 0.000000000000000000e+00 1.851851851851851749e-02 0.000000000000000000e+00 0.000000000000000000e+00 0.000000000000000000e+00 0.000000000000000000e+00 0.000000000000000000e+00 9.814814814814815103e-01




